N/A, code_check, 239.41656494140625, 340.091064453125, 32.22391128540039, 48.9175021648407
N/A, code_check, 130.34512329101562, 232.12313842773438, 27.341459274291992, 32.39783048629761
N/A, code_check, 65.54134368896484, 127.63253784179688, 21.34259605407715, 23.19001406431198
N/A, code_check, 33.00144577026367, 69.21353149414062, 17.573217391967773, 18.181046843528748
N/A, code_check, 18.305112838745117, 47.23557662963867, 16.277259826660156, 16.785266995429993
N/A, code_check, 8.956652641296387, 37.154239654541016, 15.809264183044434, 16.1087304353714
N/A, code_check, 8.81783676147461, 47.872989654541016, 17.938617706298828, 15.266557037830353
N/A, code_check, 14.329611778259277, 35.28193664550781, 15.587968826293945, 16.471365094184875
N/A, code_check, 9.038137435913086, 47.671695709228516, 17.849027633666992, 15.264874696731567
N/A, code_check, 13.903112411499023, 35.714359283447266, 15.967316627502441, 17.166416347026825
N/A, code_check, 9.007269859313965, 47.130409240722656, 17.788898468017578, 15.217658877372742
N/A, code_check, 13.627099990844727, 35.43870162963867, 15.944799423217773, 17.153461277484894
N/A, code_check, 8.861268043518066, 46.72807693481445, 17.74286651611328, 15.1890829205513
code_check, 13.140350341796875, 34.98188781738281, 15.912052154541016, 17.538821697235107
code_check, 8.559219360351562, 46.09746551513672, 17.667034149169922, 14.123906195163727
code_check, 12.919963836669922, 34.792999267578125, 15.9068603515625, 17.598956823349
ensemble_check, 326.43182373046875, 352.7384338378906, 31.218158721923828, 785.9928131103516
ensemble_check, 326.43182373046875, 352.7384338378906, 31.218158721923828, 785.9928131103516
ensemble_check, 326.43182373046875, 352.7384338378906, 31.218158721923828, 785.9928131103516
ensemble_check, 485.04345703125, 520.8967895507812, 49.811256408691406, 734119600.0
